    1723.3600    1722.7100    1722.0300    1721.4100    1720.7000    1720.0800
    1719.5100    1718.8300    1718.1800    1717.4900    1716.8300    1716.1200
    1715.4500    1714.8100    1714.1400    1713.4000    1712.6200    1711.9900
    1711.4200    1710.8800    1710.3900    1709.9800    1709.6500    1709.3600
    1709.1200    1708.9900    1708.9400    1708.9300    1708.9900    1709.0900
    1709.2300    1709.4100    1709.6300    1709.8900    1710.1600    1710.4200
    1710.6600    1710.8900    1711.0900    1711.2100    1711.2600    1711.2300
    1711.1100    1710.9200    1710.6800    1710.3700    1710.0800    1709.8200
    1709.6000    1709.4800    1709.4600    1709.5400    1709.7400    1710.0600
    1710.4500    1710.8700    1711.2600    1711.7900    1712.3300    1712.8900
    1713.4800    1714.0100    1714.6800    1715.3500    1715.8400    1716.2000
    1716.6400    1717.1600    1717.7300    1718.2500    1718.8200    1719.1800
    1719.3900    1719.7600    1720.1800    1720.7700    1721.3200    1721.8400
    1722.3000    1722.6500    1722.9100    1723.1500    1723.5400    1722.8200
    1722.0800    1721.4000    1720.7200    1720.0400    1719.3700    1718.6100
    1717.9000    1717.1600    1716.4500    1715.7000    1714.9300    1714.2300
    1713.5200    1712.6700    1711.9200    1711.2600    1710.6100    1710.0200
    1709.4700    1709.0100    1708.6200    1708.2800    1708.0100    1707.8500
    1707.7900    1707.8000    1707.8900    1708.0100    1708.1700    1708.4000
    1708.6900    1709.0200    1709.3600    1709.6800    1709.9800    1710.2600
    1710.5000    1710.6600    1710.7400    1710.7100    1710.5700    1710.3400
    1710.0200    1709.6500    1709.2600    1708.9000    1708.6200    1708.4500
    1708.4100    1708.4900    1708.7300    1709.1100    1709.5700    1710.0600
    1710.5600    1711.1200    1711.7100    1712.3100    1712.9300    1713.5300
    1714.1100    1714.7400    1715.3600    1715.7900    1716.2900    1716.8600
    1717.4900    1718.1000    1718.7700    1719.1300    1719.4200    1719.9200
    1720.4000    1721.0300    1721.6100    1722.1400    1722.5600    1722.8600
    1723.1000    1723.3500    1723.7600    1722.9300    1722.1100    1721.3800
    1720.6600    1719.9400    1719.1200    1718.3000    1717.5000    1716.7100
    1715.9500    1715.1500    1714.3600    1713.5400    1712.7600    1711.9400
    1711.2000    1710.4700    1709.7300    1709.0400    1708.4000    1707.8400
    1707.3500    1706.9700    1706.6900    1706.5000    1706.4300    1706.4600
    1706.5500    1706.7100    1706.9200    1707.2000    1707.5400    1707.9600
    1708.3800    1708.7500    1709.1200    1709.4900    1709.7900    1709.9900
    1710.0900    1710.0800    1709.9300    1709.6300    1709.2200    1708.7600
    1708.2900    1707.8200    1707.4600    1707.2400    1707.1700    1707.2800
    1707.5600    1708.0100    1708.5500    1709.1200    1709.7000    1710.3300
    1710.9600    1711.6300    1712.2900    1712.9500    1713.5600    1714.1800
    1714.8500    1715.3200    1715.8100    1716.4500    1717.2300    1717.9400
    1718.6900    1719.1900    1719.6200    1720.1600    1720.6400    1721.3200
    1721.9200    1722.4200    1722.7800    1723.0600    1723.3100    1723.5500
    1723.9600    1723.0600    1722.1400    1721.3400    1720.5200    1719.6700
    1718.7600    1717.8900    1717.0000    1716.0800    1715.2600    1714.4100
    1713.6300    1712.7600    1711.9400    1711.1300    1710.3000    1709.5000
    1708.6400    1707.8000    1707.0500    1706.3900    1705.8400    1705.4400
    1705.1500    1704.9800    1704.9300    1704.9500    1705.0400    1705.2300
    1705.4900    1705.8000    1706.1800    1706.6300    1707.1000    1707.5400
    1708.0000    1708.4500    1708.8200    1709.1100    1709.2400    1709.2300
    1709.1200    1708.7600    1708.1800    1707.6100    1707.0400    1706.5100
    1706.1000    1705.8400    1705.7500    1705.8500    1706.1500    1706.6200
    1707.2200    1707.8800    1708.6000    1709.3300    1710.0200    1710.7600
    1711.4900    1712.1900    1712.8400    1713.5000    1714.1900    1714.7000
    1715.1900    1715.9200    1716.7500    1717.5800    1718.5000    1719.1900
    1719.7900    1720.4100    1720.9700    1721.6800    1722.2700    1722.7000
    1723.0300    1723.3200    1723.6100    1723.8500    1724.1400    1723.2000
    1722.2100    1721.3000    1720.3700    1719.4000    1718.4300    1717.4500
    1716.4700    1715.4500    1714.5400    1713.6500    1712.8000    1711.9400
    1711.0700    1710.1700    1709.2100    1708.2700    1707.2700    1706.2900
    1705.4400    1704.7100    1704.1500    1703.7400    1703.4500    1703.3100
    1703.2700    1703.2900    1703.4000    1703.6000    1703.8800    1704.2200
    1704.6200    1705.0800    1705.5600    1706.0600    1706.5700    1707.0700
    1707.5100    1707.8700    1708.0200    1708.0100    1707.9300    1707.5200
    1706.8200    1706.1400    1705.5200    1704.9700    1704.5400    1704.2700
    1704.1500    1704.2300    1704.5000    1704.9500    1705.5500    1706.2800
    1707.1300    1707.9800    1708.8200    1709.6900    1710.5200    1711.3000
    1712.0300    1712.7000    1713.3800    1713.9600    1714.5700    1715.3300
    1716.1700    1717.1900    1718.3000    1719.1400    1719.8800    1720.6400
    1721.3500    1722.0700    1722.6200    1723.0300    1723.3300    1723.6400
    1723.9200    1724.1200    1724.3100    1723.3200    1722.2700    1721.2500
    1720.2200    1719.1300    1718.0600    1716.9400    1715.8400    1714.7700
    1713.7700    1712.8100    1711.8900    1710.9700    1710.0700    1709.0500
    1707.8500    1706.6700    1705.5400    1704.5000    1703.6000    1702.8700
    1702.3200    1701.9100    1701.6300    1701.5100    1701.4900    1701.5300
    1701.6600    1701.8700    1702.1700    1702.5300    1702.9400    1703.4000
    1703.8900    1704.3900    1704.8900    1705.3700    1705.8100    1706.1600
    1706.3000    1706.2900    1706.1600    1705.7400    1705.0800    1704.4100
    1703.8000    1703.2500    1702.8200    1702.5400    1702.3900    1702.4300
    1702.6700    1703.0800    1703.6500    1704.3800    1705.2400    1706.2100
    1707.2600    1708.3300    1709.3200    1710.2400    1711.0500    1711.7600
    1712.4600    1713.1000    1713.8100    1714.6700    1715.6600    1716.8300
    1718.0500    1719.0700    1720.0200    1720.9600    1721.7500    1722.4700
    1723.0100    1723.4000    1723.7000    1723.9600    1724.1600    1724.3000
    1724.4500    1723.4000    1722.3000    1721.1900    1720.0500    1718.8500
    1717.6500    1716.4200    1715.2100    1714.0100    1712.8700    1711.8200
    1710.8100    1709.7600    1708.7100    1707.5200    1706.1100    1704.7500
    1703.5400    1702.4800    1701.5800    1700.8700    1700.3500    1699.9600
    1699.7200    1699.6100    1699.6100    1699.6800    1699.8400    1700.0800
    1700.4000    1700.7800    1701.2000    1701.6600    1702.1300    1702.6100
    1703.0800    1703.5200    1703.9000    1704.1700    1704.2900    1704.2600
    1704.0600    1703.6700    1703.1300    1702.5300    1701.9400    1701.4200
    1700.9900    1700.6800    1700.5200    1700.5200    1700.7100    1701.0700
    1701.6000    1702.2900    1703.1300    1704.1200    1705.2700    1706.5100
    1707.7900    1708.9700    1709.8700    1710.6000    1711.3300    1712.0500
    1712.8900    1713.9300    1715.1100    1716.4100    1717.7700    1719.0200
    1720.2200    1721.3300    1722.2200    1722.9100    1723.4100    1723.7700
    1724.0300    1724.2300    1724.3700    1724.4400    1724.5200    1723.3900
    1722.2400    1721.0700    1719.8400    1718.5400    1717.2200    1715.8700
    1714.5200    1713.1700    1711.8400    1710.6100    1709.5600    1708.2700
    1706.7900    1705.4100    1703.9800    1702.6300    1701.4000    1700.3300
    1699.4400    1698.7600    1698.2900    1697.9700    1697.7800    1697.7000
    1697.7200    1697.8200    1698.0200    1698.2900    1698.6300    1699.0300
    1699.4600    1699.9000    1700.3500    1700.8000    1701.2300    1701.6200
    1701.9300    1702.1400    1702.2200    1702.1600    1701.9500    1701.5900
    1701.1300    1700.6100    1700.0700    1699.5500    1699.1200    1698.7900
    1698.6100    1698.5700    1698.7100    1699.0200    1699.5000    1700.1300
    1700.9100    1701.8400    1702.9500    1704.2300    1705.6900    1707.1200
    1708.2600    1709.2200    1710.0200    1710.7900    1711.8100    1713.0400
    1714.4400    1715.9500    1717.4900    1718.9900    1720.4400    1721.7600
    1722.7300    1723.3700    1723.7900    1724.0800    1724.2900    1724.4300
    1724.5100    1724.5300    1724.4700    1723.2200    1722.0300    1720.8600
    1719.5500    1718.1200    1716.6900    1715.2400    1713.7700    1712.2800
    1710.7200    1709.1000    1707.8600    1706.2900    1704.4800    1703.0700
    1701.7100    1700.4600    1699.2600    1698.1700    1697.2900    1696.6700
    1696.2500    1696.0100    1695.8900    1695.8600    1695.9200    1696.0500
    1696.2700    1696.5600    1696.9300    1697.3600    1697.7900    1698.2100
    1698.6300    1699.0400    1699.4200    1699.7500    1700.0100    1700.1800
    1700.2200    1700.1300    1699.9300    1699.6100    1699.2200    1698.7800
    1698.2900    1697.7800    1697.3500    1697.0000    1696.7900    1696.7100
    1696.8100    1697.0800    1697.4900    1698.0400    1698.7400    1699.5900
    1700.6100    1701.7900    1703.1700    1704.5800    1706.0800    1707.2800
    1708.2200    1709.3800    1710.6900    1712.1900    1713.8000    1715.5100
    1717.2100    1718.8900    1720.5800    1722.1900    1723.3000    1723.9200
    1724.3400    1724.6500    1724.9000    1725.0800    1725.1900    1725.1900
    1724.1300    1722.8500    1721.6200    1720.4100    1719.0600    1717.5600
    1716.0700    1714.5600    1713.0200    1711.4000    1709.6800    1707.8200
    1706.2300    1704.4900    1702.7000    1701.2500    1699.8700    1698.5700
    1697.3400    1696.2300    1695.3900    1694.8100    1694.4500    1694.2700
    1694.1900    1694.2100    1694.2900    1694.4400    1694.6800    1695.0000
    1695.4100    1695.8600    1696.2900    1696.6900    1697.0700    1697.4400
    1697.7600    1698.0300    1698.2200    1698.3400    1698.3700    1698.3000
    1698.1400    1697.8900    1697.5800    1697.2100    1696.7800    1696.3300
    1695.9200    1695.5900    1695.3600    1695.2400    1695.2800    1695.4900
    1695.8400    1696.3300    1696.9700    1697.7600    1698.7200    1699.8300
    1701.1200    1702.5100    1704.1000    1705.4400    1706.7400    1708.3700
    1709.8800    1711.5100    1713.2600    1715.0900    1716.8900    1718.6600
    1720.4800    1722.2400    1723.4900    1724.2000    1724.7000    1725.0700
    1725.3600    1725.5900    1725.6900    1725.6700    1723.5600    1722.3100
    1721.0400    1719.7600    1718.3600    1716.8300    1715.3300    1713.8500
    1712.2400    1710.5100    1708.7500    1706.9600    1705.1700    1703.3800
    1701.6400    1700.0500    1698.5200    1697.0200    1695.7100    1694.5800
    1693.7500    1693.2300    1692.8900    1692.7300    1692.6700    1692.7100
    1692.8200    1692.9700    1693.2400    1693.6100    1694.0600    1694.5400
    1694.9800    1695.3400    1695.6900    1696.0100    1696.2700    1696.4500
    1696.5900    1696.6600    1696.6900    1696.6600    1696.5600    1696.4100
    1696.1900    1695.9000    1695.5500    1695.1700    1694.8200    1694.5400
    1694.3000    1694.1300    1694.1000    1694.2400    1694.5400    1695.0000
    1695.6100    1696.3700    1697.3100    1698.4500    1699.7400    1701.1700
    1702.7000    1704.2200    1705.9000    1707.6300    1709.2300    1710.9300
    1712.7600    1714.6700    1716.5200    1718.2900    1720.1600    1721.9500
    1723.2600    1724.0400    1724.5200    1724.8300    1725.0700    1725.2400
    1725.2800    1725.1800    1722.9400    1721.6800    1720.3800    1719.0300
    1717.5700    1716.0400    1714.5200    1713.0200    1711.3700    1709.5700
    1707.7800    1705.9900    1704.1600    1702.3300    1700.5300    1698.8100
    1697.1500    1695.5700    1694.2300    1693.1200    1692.3000    1691.7500
    1691.3500    1691.1100    1691.0200    1691.0800    1691.2300    1691.4500
    1691.7900    1692.2300    1692.7300    1693.2600    1693.7300    1694.0900
    1694.4000    1694.6500    1694.8400    1694.9700    1695.0600    1695.1100
    1695.1400    1695.1400    1695.0800    1694.9800    1694.8200    1694.6100
    1694.3600    1694.0700    1693.8000    1693.5500    1693.2700    1693.0400
    1692.9200    1692.9800    1693.2300    1693.6400    1694.2100    1694.9400
    1695.8600    1696.9800    1698.2800    1699.7300    1701.2700    1702.8700
    1704.6700    1706.4700    1708.2300    1710.1000    1712.0300    1714.0000
    1715.9100    1717.7700    1719.7200    1721.5900    1722.9600    1723.7600
    1724.2100    1724.4900    1724.7000    1724.8200    1724.7900    1724.6200
    1722.3300    1721.0500    1719.6800    1718.2300    1716.7300    1715.1900
    1713.6300    1712.0600    1710.3500    1708.5300    1706.7000    1704.8600
    1703.0000    1701.1200    1699.2500    1697.4000    1695.6900    1694.1300
    1692.8300    1691.8300    1691.0000    1690.3500    1689.8100    1689.3700
    1689.2100    1689.2900    1689.5100    1689.8500    1690.2800    1690.7900
    1691.3800    1691.9800    1692.4900    1692.8800    1693.1400    1693.2900
    1693.4200    1693.5300    1693.6100    1693.6600    1693.6800    1693.6800
    1693.6300    1693.5400    1693.4200    1693.2800    1693.1300    1692.9700
    1692.7600    1692.5000    1692.1900    1691.8500    1691.6600    1691.6400
    1691.8100    1692.1700    1692.6800    1693.3400    1694.2000    1695.2800
    1696.5400    1697.9900    1699.5600    1701.2400    1703.0600    1704.9600
    1706.9100    1708.9300    1710.9600    1712.9800    1715.0100    1717.0400
    1719.1300    1721.1500    1722.6100    1723.4200    1723.8800    1724.1800
    1724.3800    1724.4700    1724.4300    1724.2300    1721.7400    1720.3900
    1718.9500    1717.4300    1715.8800    1714.2900    1712.6700    1711.0000
    1709.2400    1707.3800    1705.5100    1703.6400    1701.7400    1699.8300
    1697.9200    1696.0500    1694.3500    1692.8600    1691.6200    1690.6300
    1689.7400    1688.9700    1688.3100    1687.7700    1687.5200    1687.5700
    1687.8100    1688.2100    1688.7300    1689.3300    1689.9800    1690.6200
    1691.1500    1691.5400    1691.7800    1691.9000    1692.0000    1692.1000
    1692.1600    1692.2000    1692.2200    1692.2100    1692.1800    1692.1000
    1692.0300    1691.9600    1691.8700    1691.7800    1691.6200    1691.3800
    1691.0600    1690.6800    1690.4100    1690.3100    1690.4000    1690.6800
    1691.1200    1691.7000    1692.4800    1693.4600    1694.6300    1696.0300
    1697.6000    1699.3300    1701.2300    1703.2300    1705.3200    1707.4600
    1709.6100    1711.7400    1713.9100    1716.1100    1718.3600    1720.5100
    1722.0600    1722.9200    1723.4200    1723.7200    1723.9100    1724.0000
    1723.9300    1723.7100    1721.2000    1719.7500    1718.2300    1716.6600
    1715.0400    1713.3800    1711.6500    1709.8700    1708.0200    1706.1400
    1704.2500    1702.3500    1700.4300    1698.4900    1696.5900    1694.7700
    1693.1600    1691.7900    1690.5800    1689.5100    1688.5300    1687.6100
    1686.8600    1686.3100    1686.0000    1685.9500    1686.1400    1686.5400
    1687.1200    1687.8200    1688.5300    1689.1800    1689.7100    1690.0700
    1690.3100    1690.4500    1690.5500    1690.6500    1690.6900    1690.7100
    1690.7100    1690.7100    1690.7000    1690.6800    1690.6500    1690.6300
    1690.5900    1690.5300    1690.4000    1690.1800    1689.8800    1689.5200
    1689.2100    1689.0100    1688.9900    1689.1800    1689.5400    1690.0800
    1690.7600    1691.5900    1692.6400    1693.9100    1695.4500    1697.2600
    1699.2300    1701.3400    1703.5300    1705.7800    1708.0500    1710.3300
    1712.6600    1715.0300    1717.4300    1719.6800    1721.3100    1722.2400
    1722.7900    1723.1200    1723.3100    1723.4000    1723.3300    1723.0900
    1720.7200    1719.2100    1717.6100    1715.9400    1714.2100    1712.4400
    1710.6000    1708.7100    1706.7900    1704.8600    1702.9500    1701.0400
    1699.1200    1697.1900    1695.3300    1693.5900    1692.0600    1690.7500
    1689.5500    1688.4400    1687.3700    1686.3700    1685.5400    1684.9300
    1684.5100    1684.3300    1684.4300    1684.8300    1685.4400    1686.1900
    1686.9600    1687.6500    1688.2200    1688.6000    1688.8400    1688.9800
    1689.0700    1689.1400    1689.1600    1689.1500    1689.1500    1689.1700
    1689.2000    1689.2300    1689.2600    1689.2800    1689.2900    1689.2700
    1689.1700    1688.9800    1688.6900    1688.3300    1687.9600    1687.6700
    1687.5500    1687.6500    1687.9400    1688.4200    1689.0400    1689.7900
    1690.7600    1691.9400    1693.4200    1695.2100    1697.2100    1699.3900
    1701.7000    1704.0600    1706.4700    1708.9000    1711.3700    1713.8800
    1716.4000    1718.7500    1720.4600    1721.4600    1722.0400    1722.3900
    1722.5800    1722.6800    1722.6000    1722.3500    1720.3000    1718.7600
    1717.0700    1715.2500    1713.3900    1711.5000    1709.5600    1707.5600
    1705.5600    1703.5900    1701.6500    1699.7400    1697.8300    1695.9200
    1694.1200    1692.4800    1691.0000    1689.7000    1688.4900    1687.3500
    1686.2500    1685.2200    1684.3400    1683.6300    1683.0800    1682.6900
    1682.7000    1683.0900    1683.6900    1684.4500    1685.2500    1686.0500
    1686.6800    1687.1100    1687.3700    1687.4800    1687.5400    1687.5600
    1687.5500    1687.5200    1687.5300    1687.6000    1687.6800    1687.7500
    1687.8300    1687.9100    1687.9600    1687.9900    1687.9200    1687.7600
    1687.4700    1687.0800    1686.6600    1686.2700    1686.0700    1686.1000
    1686.3300    1686.7500    1687.3300    1688.0800    1689.0100    1690.1400
    1691.5300    1693.2000    1695.1800    1697.4400    1699.8400    1702.3300
    1704.8800    1707.4600    1710.0700    1712.6800    1715.3000    1717.7600
    1719.5400    1720.5900    1721.1900    1721.5200    1721.7100    1721.8100
    1721.7400    1721.5700    1719.8800    1718.2800    1716.5100    1714.5800
    1712.6100    1710.6100    1708.5700    1706.4800    1704.4100    1702.3700
    1700.3900    1698.4800    1696.5700    1694.7000    1692.9400    1691.3500
    1689.8900    1688.5800    1687.3400    1686.1700    1685.0400    1684.0000
    1683.1000    1682.3500    1681.7300    1681.2600    1681.1700    1681.4800
    1682.0000    1682.7000    1683.4900    1684.3100    1684.9600    1685.4200
    1685.7000    1685.8300    1685.9000    1685.9200    1685.9200    1685.9000
    1685.9400    1686.0400    1686.1400    1686.2600    1686.3700    1686.4900
    1686.5800    1686.6200    1686.5700    1686.4100    1686.1100    1685.7100
    1685.2700    1684.8600    1684.6300    1684.6100    1684.7800    1685.1400
    1685.6600    1686.3600    1687.2300    1688.3100    1689.6400    1691.2300
    1693.1700    1695.4400    1697.8900    1700.4800    1703.1600    1705.9000
    1708.6500    1711.3800    1714.1300    1716.7100    1718.5500    1719.6000
    1720.1700    1720.4900    1720.6900    1720.8000    1720.8100    1720.7300
    1719.4500    1717.7700    1715.9300    1713.9300    1711.8800    1709.8100
    1707.6900    1705.5200    1703.3700    1701.2600    1699.2300    1697.2900
    1695.3900    1693.5300    1691.8000    1690.2000    1688.7400    1687.4000
    1686.1200    1684.9000    1683.7600    1682.7100    1681.8200    1681.0900
    1680.4800    1680.0300    1679.8700    1680.0000    1680.3800    1680.9500
    1681.6600    1682.4300    1683.0600    1683.5200    1683.8300    1684.0100
    1684.1200    1684.1900    1684.2500    1684.3100    1684.3900    1684.4800
    1684.6100    1684.7400    1684.8800    1685.0200    1685.1200    1685.1700
    1685.1100    1684.9200    1684.6100    1684.2100    1683.8100    1683.4700
    1683.2700    1683.2300    1683.3500    1683.6400    1684.0500    1684.6200
    1685.4000    1686.4300    1687.6900    1689.2300    1691.1300    1693.3500
    1695.8000    1698.4400    1701.2300    1704.1400    1707.0400    1709.9000
    1712.8000    1715.5400    1717.4400    1718.3900    1718.9500    1719.2900
    1719.5000    1719.6800    1719.7600    1719.7600    1719.0100    1717.2700
    1715.4000    1713.3700    1711.2900    1709.1600    1706.9800    1704.7600
    1702.5400    1700.3400    1698.2300    1696.2300    1694.3100    1692.4800
    1690.7500    1689.1100    1687.5800    1686.1900    1684.8800    1683.6300
    1682.5100    1681.4900    1680.6000    1679.8600    1679.2400    1678.7800
    1678.5600    1678.5900    1678.8400    1679.2700    1679.8300    1680.4800
    1681.0400    1681.4800    1681.8100    1682.0400    1682.2200    1682.3600
    1682.5000    1682.6400    1682.7900    1682.9200    1683.0700    1683.2200
    1683.3700    1683.5000    1683.5900    1683.6200    1683.5400    1683.3500
    1683.0600    1682.7000    1682.3800    1682.1300    1682.0000    1681.9800
    1682.0700    1682.2700    1682.5600    1682.9700    1683.5800    1684.4600
    1685.6200    1687.1000    1688.9500    1691.1100    1693.5300    1696.1700
    1699.0100    1702.0100    1705.0300    1708.0400    1711.0700    1713.9300
    1715.9100    1716.9200    1717.5200    1717.9000    1718.1600    1718.3900
    1718.5900    1718.7300    1718.5900    1716.8100    1714.9300    1712.9500
    1710.8700    1708.6900    1706.4600    1704.2200    1701.9400    1699.6400
    1697.4400    1695.3400    1693.4000    1691.6200    1689.8600    1688.1200
    1686.5000    1685.0400    1683.6800    1682.4400    1681.3500    1680.4100
    1679.5000    1678.6600    1677.9800    1677.5000    1677.2500    1677.2300
    1677.3600    1677.6400    1678.0300    1678.4700    1678.9200    1679.3400
    1679.6800    1679.9600    1680.1900    1680.4100    1680.6200    1680.8700
    1681.1000    1681.3100    1681.5300    1681.7100    1681.8700    1681.9800
    1682.0500    1682.0500    1681.9700    1681.8100    1681.5700    1681.2800
    1681.0700    1680.9500    1680.9100    1680.9700    1681.0500    1681.1500
    1681.3100    1681.5500    1681.9500    1682.5600    1683.5400    1684.9800
    1686.7000    1688.7600    1691.0800    1693.6700    1696.5100    1699.5100
    1702.6500    1705.8300    1708.9700    1711.8800    1713.9600    1715.1300
    1715.8500    1716.3300    1716.6800    1716.9900    1717.2800    1717.5100
    1718.2500    1716.4400    1714.5700    1712.6300    1710.5600    1708.3500
    1706.1000    1703.8300    1701.5200    1699.1900    1696.9300    1694.7800
    1692.8000    1690.9900    1689.1900    1687.3700    1685.6300    1684.0500
    1682.6500    1681.4500    1680.3900    1679.4400    1678.4700    1677.5300
    1676.8000    1676.3000    1676.0200    1675.9100    1675.9100    1676.0200
    1676.2200    1676.4900    1676.8100    1677.1500    1677.4700    1677.7600
    1678.0200    1678.2700    1678.5400    1678.8600    1679.2000    1679.5600
    1679.9200    1680.2100    1680.4600    1680.6200    1680.7200    1680.7400
    1680.6900    1680.5700    1680.4100    1680.2300    1680.1300    1680.1200
    1680.1800    1680.2900    1680.3900    1680.4700    1680.5800    1680.7200
    1680.9700    1681.3600    1682.0600    1683.1700    1684.5800    1686.3900
    1688.5100    1690.9800    1693.8300    1696.9500    1700.2300    1703.5100
    1706.7100    1709.6700    1711.8200    1713.1200    1713.9900    1714.6000
    1715.0600    1715.4800    1715.8900    1716.2200    1717.9700    1716.1400
    1714.2900    1712.4000    1710.3400    1708.1100    1705.8300    1703.5300
    1701.2400    1698.9600    1696.7100    1694.5300    1692.5100    1690.6300
    1688.7600    1686.8900    1685.0300    1683.2400    1681.8200    1680.7400
    1679.7000    1678.6500    1677.5700    1676.5100    1675.7300    1675.2600
    1674.9100    1674.6800    1674.5000    1674.4100    1674.4200    1674.5400
    1674.7500    1674.9900    1675.2900    1675.5800    1675.8700    1676.1200
    1676.4200    1676.7600    1677.2000    1677.7900    1678.3300    1678.8300
    1679.2300    1679.5100    1679.6900    1679.7600    1679.7400    1679.6700
    1679.6000    1679.5800    1679.5900    1679.6500    1679.7800    1679.9500
    1680.1000    1680.2200    1680.3400    1680.4800    1680.6700    1680.9300
    1681.3100    1681.8200    1682.7700    1684.1800    1685.9600    1688.2100
    1691.0500    1694.4400    1697.8700    1701.1800    1704.4000    1707.3600
    1709.5600    1710.9600    1711.9600    1712.7000    1713.2900    1713.8500
    1714.4000    1714.9100    1717.6700    1715.8200    1713.9700    1712.1000
    1710.0700    1707.8500    1705.5800    1703.3000    1701.0400    1698.8100
    1696.6100    1694.4600    1692.4100    1690.4500    1688.5100    1686.5800
    1684.6500    1682.7800    1681.3400    1680.2900    1679.2500    1678.1300
    1676.9800    1675.8600    1675.0000    1674.4300    1673.9200    1673.4800
    1673.0900    1672.7700    1672.6100    1672.6100    1672.7500    1672.9900
    1673.3400    1673.7500    1674.1500    1674.5000    1674.8500    1675.2200
    1675.6900    1676.3200    1676.9700    1677.6400    1678.2100    1678.6400
    1678.9100    1679.0300    1679.0500    1679.0100    1679.0000    1679.0600
    1679.1700    1679.3200    1679.5300    1679.7600    1679.9600    1680.1300
    1680.2800    1680.4300    1680.5800    1680.7400    1680.9100    1681.0900
    1681.6300    1682.5600    1683.8900    1685.7900    1688.4800    1691.9100
    1695.4200    1698.8000    1702.0400    1704.9800    1707.2300    1708.7200
    1709.8600    1710.7400    1711.4700    1712.1500    1712.9200    1713.6600
    1717.3000    1715.4300    1713.5600    1711.6900    1709.6900    1707.5200
    1705.3000    1703.0700    1700.8600    1698.6800    1696.5600    1694.5000
    1692.4500    1690.3900    1688.4000    1686.4400    1684.4900    1682.6300
    1681.1800    1680.1400    1679.0600    1677.8600    1676.6800    1675.5800
    1674.6300    1673.8300    1673.0800    1672.3700    1671.7500    1671.2100
    1670.9200    1670.8500    1670.9700    1671.2800    1671.7400    1672.3600
    1672.9600    1673.5100    1673.9800    1674.3700    1674.8000    1675.2800
    1675.9600    1676.7800    1677.5000    1678.0800    1678.4300    1678.5700
    1678.5800    1678.5400    1678.5300    1678.6200    1678.8000    1679.0500
    1679.3700    1679.6700    1679.9400    1680.1300    1680.2900    1680.4400
    1680.5700    1680.6800    1680.7900    1680.9400    1681.1900    1681.5900
    1682.4300    1683.8300    1686.2100    1689.4900    1692.9800    1696.4600
    1699.6800    1702.5600    1704.8100    1706.4200    1707.7200    1708.8100
    1709.7100    1710.5500    1711.4500    1712.4000    1716.8000    1714.8800
    1712.9900    1711.1200    1709.1600    1707.0900    1704.9300    1702.7400
    1700.5900    1698.4900    1696.4700    1694.4900    1692.4700    1690.4100
    1688.4100    1686.4800    1684.5600    1682.7400    1681.2900    1680.1900
    1679.0600    1677.8200    1676.6100    1675.4600    1674.3600    1673.3400
    1672.3500    1671.4200    1670.6800    1670.1200    1669.8400    1669.7600
    1669.8500    1670.1400    1670.6000    1671.2900    1672.0400    1672.8000
    1673.4400    1673.9200    1674.3600    1674.8200    1675.5300    1676.4300
    1677.2500    1677.8900    1678.2500    1678.3700    1678.3000    1678.1700
    1678.1100    1678.2100    1678.4800    1678.8600    1679.3200    1679.7500
    1680.0600    1680.2500    1680.3800    1680.5200    1680.6200    1680.7200
    1680.8000    1680.9100    1681.0100    1681.1300    1681.5900    1682.5600
    1684.5500    1687.5300    1690.8600    1694.2500    1697.3700    1700.1300
    1702.3800    1704.1300    1705.6600    1706.9400    1708.0100    1709.0000
    1710.1300    1711.2800    1716.1700    1714.2100    1712.2800    1710.3800
    1708.4900    1706.5600    1704.4700    1702.2800    1700.1900    1698.2200
    1696.3100    1694.4100    1692.4700    1690.4900    1688.5400    1686.6500
    1684.8100    1683.0900    1681.6300    1680.4100    1679.2100    1677.9800
    1676.7200    1675.4700    1674.2100    1672.9700    1671.7600    1670.6600
    1669.9200    1669.5900    1669.4200    1669.3900    1669.4300    1669.5700
    1669.9300    1670.5000    1671.3300    1672.3400    1673.1600    1673.8000
    1674.3400    1674.8700    1675.6500    1676.6300    1677.4900    1678.1300
    1678.5100    1678.5700    1678.4700    1678.1600    1678.0700    1678.2000
    1678.5300    1679.0700    1679.6100    1680.1900    1680.4800    1680.5700
    1680.6100    1680.6900    1680.7500    1680.8200    1680.8800    1680.9500
    1680.9900    1681.0900    1681.3500    1681.9700    1683.5900    1686.1500
    1689.1800    1692.3700    1695.2700    1697.8100    1700.0500    1702.0500
    1703.7900    1705.2400    1706.4900    1707.6400    1708.9100    1710.2400
    1715.5100    1713.4600    1711.4900    1709.6200    1707.7600    1705.8800
    1703.8500    1701.7200    1699.7400    1697.9100    1696.1400    1694.3600
    1692.5300    1690.6300    1688.7600    1686.9400    1685.1900    1683.5600
    1682.1200    1680.8400    1679.5600    1678.2700    1676.9300    1675.5900
    1674.2100    1672.8100    1671.4700    1670.2900    1669.5700    1669.3300
    1669.2500    1669.2400    1669.2600    1669.3400    1669.6800    1670.2600
    1671.1500    1672.2400    1673.1500    1673.8900    1674.5700    1675.2600
    1676.1700    1677.2300    1678.1300    1678.8100    1679.3100    1679.5900
    1679.7000    1679.5900    1679.6300    1679.8300    1680.1500    1680.5900
    1680.9800    1681.3600    1681.4200    1681.2800    1681.1200    1681.0300
    1680.9800    1681.0000    1681.0200    1681.0500    1681.0800    1681.1800
    1681.3900    1681.8900    1683.3200    1685.6000    1688.3000    1691.1300
    1693.6900    1695.9900    1698.1700    1700.2800    1702.1600    1703.7600
    1705.1500    1706.4500    1707.8800    1709.3800    1714.9100    1712.7400
    1710.7500    1708.9400    1707.1000    1705.1700    1703.1800    1701.1500
    1699.3000    1697.6500    1696.0300    1694.4000    1692.6900    1690.9000
    1689.0900    1687.3200    1685.6600    1684.1500    1682.7400    1681.4100
    1680.0600    1678.6600    1677.2500    1675.8300    1674.3700    1672.9000
    1671.5000    1670.2900    1669.5500    1669.3200    1669.2400    1669.2400
    1669.2900    1669.3900    1669.8100    1670.5700    1671.4900    1672.5100
    1673.4100    1674.1700    1675.0100    1675.9800    1677.0500    1678.1800
    1679.1600    1679.8900    1680.6400    1681.4200    1681.9700    1682.4100
    1682.7300    1683.0300    1683.2800    1683.4300    1683.4700    1683.2900
    1682.9800    1682.5200    1682.0700    1681.6800    1681.4400    1681.3800
    1681.3100    1681.3000    1681.2900    1681.3800    1681.6700    1682.3000
    1683.7100    1685.8700    1688.2200    1690.5500    1692.7100    1694.7000
    1696.7500    1698.8000    1700.7500    1702.4900    1703.9800    1705.4500
    1707.0600    1708.6300    1714.5600    1712.3500    1710.3400    1708.5400
    1706.7000    1704.7700    1702.8300    1700.9200    1699.1900    1697.6500
    1696.1500    1694.6400    1693.0300    1691.3300    1689.6000    1687.8700
    1686.2400    1684.7600    1683.3400    1681.9700    1680.5700    1679.1100
    1677.6400    1676.1800    1674.7100    1673.2500    1671.8700    1670.6500
    1669.8500    1669.5100    1669.3900    1669.4400    1669.6100    1669.8900
    1670.4500    1671.2800    1672.1700    1673.1000    1673.9800    1674.8200
    1675.8200    1676.9900    1678.1800    1679.4000    1680.5400    1681.5500
    1682.5900    1683.6600    1684.5400    1685.3100    1685.8800    1686.2900
    1686.5400    1686.5500    1686.3500    1685.8500    1685.2500    1684.5500
    1683.8600    1683.2000    1682.6800    1682.3500    1682.0500    1681.8500
    1681.7600    1681.9000    1682.3600    1683.2000    1684.6400    1686.6000
    1688.5900    1690.4700    1692.2300    1693.9300    1695.7700    1697.7600
    1699.7500    1701.5400    1703.1100    1704.6400    1706.3700    1708.0500
    1714.5400    1712.3700    1710.3700    1708.5200    1706.6600    1704.7500
    1702.8900    1701.1300    1699.4900    1697.9800    1696.5300    1695.0900
    1693.5600    1691.9300    1690.2500    1688.5500    1686.9000    1685.3400
    1683.8800    1682.4800    1681.0500    1679.5600    1678.0900    1676.6200
    1675.2000    1673.8400    1672.5400    1671.3700    1670.5200    1669.9600
    1669.7900    1669.9300    1670.2800    1670.8800    1671.5800    1672.3900
    1673.2100    1673.9800    1674.8600    1675.8500    1676.9900    1678.3000
    1679.5800    1680.8000    1682.1900    1683.7200    1685.0300    1686.0900
    1687.0900    1687.9900    1688.7000    1689.2100    1689.5100    1689.6000
    1689.3300    1688.7300    1688.0200    1687.2400    1686.3800    1685.4900
    1684.6700    1683.9200    1683.2900    1682.7600    1682.5600    1682.7400
    1683.3900    1684.5800    1686.0200    1687.6500    1689.2500    1690.7100
    1692.1200    1693.5700    1695.2500    1697.2000    1699.1600    1700.9100
    1702.5000    1704.0700    1705.8400    1707.5600    1714.8700    1712.7600
    1710.7800    1708.9100    1707.0200    1705.1200    1703.3100    1701.6200
    1700.0400    1698.5400    1697.1000    1695.6800    1694.1700    1692.5800
    1690.9100    1689.2100    1687.5200    1685.8900    1684.3600    1682.9300
    1681.4800    1680.0100    1678.5600    1677.1500    1675.8000    1674.5500
    1673.4200    1672.4300    1671.6800    1671.1400    1670.9800    1671.1500
    1671.5800    1672.2600    1673.0100    1673.8000    1674.6000    1675.3700
    1676.2800    1677.3300    1678.4900    1679.8200    1681.1800    1682.5700
    1684.1900    1685.9700    1687.4500    1688.6100    1689.6900    1690.6500
    1691.4300    1692.0000    1692.3300    1692.4200    1692.1300    1691.5100
    1690.7800    1689.9600    1688.9500    1687.8400    1686.7600    1685.7600
    1684.9300    1684.2500    1683.9800    1684.1700    1684.8700    1686.0800
    1687.3700    1688.7000    1689.9500    1691.0700    1692.2000    1693.4600
    1695.0800    1696.9900    1698.9100    1700.6500    1702.2100    1703.7700
    1705.5800    1707.3600    1715.5100    1713.5100    1711.5600    1709.6600
    1707.7500    1705.8300    1704.0200    1702.3600    1700.7900    1699.2900
    1697.8300    1696.3500    1694.8300    1693.2400    1691.5600    1689.8300
    1688.0900    1686.3800    1684.7800    1683.3000    1681.8500    1680.4200
    1679.0500    1677.7400    1676.5100    1675.3600    1674.4400    1673.8000
    1673.3000    1672.9900    1672.9100    1673.0700    1673.4600    1674.0200
    1674.7300    1675.5300    1676.3500    1677.2500    1678.2400    1679.2800
    1680.3800    1681.5300    1682.9400    1684.6800    1686.4800    1688.2300
    1689.8000    1691.1400    1692.3000    1693.2900    1694.0900    1694.6900
    1694.9800    1694.9400    1694.6100    1694.0200    1693.2800    1692.4600
    1691.3100    1689.9200    1688.6800    1687.6600    1686.7900    1686.1400
    1685.8600    1686.0300    1686.6300    1687.5800    1688.6300    1689.6300
    1690.5800    1691.4800    1692.4500    1693.5800    1695.1600    1697.0500
    1698.9700    1700.7400    1702.4200    1703.9900    1705.6400    1707.3600
    1716.3800    1714.4400    1712.5200    1710.6300    1708.7300    1706.8100
    1704.9800    1703.2800    1701.6600    1700.1300    1698.6400    1697.1400
    1695.5900    1693.9800    1692.2800    1690.5000    1688.6600    1686.8400
    1685.1600    1683.6500    1682.2000    1680.8200    1679.5400    1678.3800
    1677.3100    1676.3400    1675.6500    1675.2800    1675.0300    1674.9400
    1675.0100    1675.2500    1675.6700    1676.2000    1676.8900    1677.6800
    1678.5000    1679.4200    1680.5400    1681.7500    1682.8000    1683.7400
    1685.0800    1686.9300    1688.8100    1690.5700    1692.1900    1693.6200
    1694.8400    1695.8300    1696.6100    1697.1500    1697.3500    1697.2200
    1696.8300    1696.2100    1695.4000    1694.4500    1693.1600    1691.6400
    1690.3300    1689.2900    1688.4500    1687.8400    1687.5800    1687.7100
    1688.1900    1688.9400    1689.7500    1690.5300    1691.2800    1692.0400
    1692.9600    1694.1400    1695.7000    1697.5900    1699.5000    1701.2000
    1702.8400    1704.3500    1705.9400    1707.6000    1717.4000    1715.4900
    1713.5900    1711.7200    1709.8500    1707.9800    1706.1100    1704.2800
    1702.5800    1701.0000    1699.4800    1697.9800    1696.4200    1694.7800
    1693.0500    1691.2200    1689.2800    1687.2900    1685.5400    1684.0500
    1682.6200    1681.2300    1680.0400    1679.0800    1678.2000    1677.4600
    1676.9800    1676.7800    1676.7500    1676.8500    1677.1400    1677.5800
    1678.1300    1678.7400    1679.4500    1680.2300    1680.9800    1681.7500
    1682.9800    1684.6700    1685.7500    1686.2600    1687.4500    1689.3300
    1691.1900    1692.9300    1694.5500    1696.0300    1697.2800    1698.2500
    1698.9600    1699.3800    1699.4600    1699.2300    1698.7500    1698.0800
    1697.1100    1695.8500    1694.4300    1692.9400    1691.6200    1690.5600
    1689.7500    1689.2200    1689.0000    1689.1000    1689.4900    1690.0800
    1690.7600    1691.4300    1692.1100    1692.7900    1693.8100    1695.2400
    1696.8600    1698.6600    1700.4600    1702.0500    1703.4400    1704.8500
    1706.5100    1708.1100    1718.4700    1716.5900    1714.7100    1712.8600
    1710.9900    1709.1100    1707.1800    1705.2700    1703.4900    1701.8600
    1700.2900    1698.7600    1697.1900    1695.5400    1693.7900    1691.9400
    1689.9600    1687.9100    1686.1400    1684.6800    1683.2700    1681.9100
    1680.7400    1679.8400    1679.0900    1678.5500    1678.2600    1678.2400
    1678.4400    1678.8100    1679.3700    1680.0500    1680.7900    1681.5300
    1682.2600    1682.9800    1683.6400    1684.3300    1685.5100    1687.1800
    1688.3600    1689.0100    1690.2100    1691.9300    1693.6200    1695.2600
    1696.8400    1698.3200    1699.5800    1700.5500    1701.1900    1701.4700
    1701.3900    1701.0000    1700.3400    1699.4800    1698.3000    1696.8700
    1695.3700    1693.8900    1692.5800    1691.5400    1690.7800    1690.3200
    1690.1500    1690.2600    1690.6000    1691.1300    1691.7700    1692.4800
    1693.2600    1694.1100    1695.3000    1696.8500    1698.5100    1700.1900
    1701.8100    1703.2600    1704.5000    1705.7800    1707.3500    1708.8600
    1719.5000    1717.6200    1715.7600    1713.9400    1712.0500    1710.0900
    1708.1000    1706.1300    1704.3100    1702.6200    1701.0200    1699.4400
    1697.8500    1696.2000    1694.4400    1692.6200    1690.6500    1688.6500
    1686.9500    1685.5300    1684.1900    1682.8700    1681.7000    1680.7000
    1680.0200    1679.6800    1679.5700    1679.7100    1680.1300    1680.8300
    1681.6400    1682.5800    1683.4900    1684.4000    1685.1100    1685.6600
    1686.2300    1686.9500    1687.9300    1689.0700    1690.4400    1691.9100
    1693.2900    1694.6100    1696.0300    1697.5200    1699.0400    1700.5000
    1701.8000    1702.7800    1703.3200    1703.4200    1703.1200    1702.5000
    1701.5700    1700.3800    1699.0100    1697.5000    1695.9600    1694.5000
    1693.2200    1692.2000    1691.5300    1691.1700    1691.0800    1691.2400
    1691.6100    1692.1400    1692.8500    1693.7100    1694.7500    1696.0000
    1697.4000    1698.9900    1700.5900    1702.1100    1703.5700    1704.8700
    1706.0800    1707.1800    1708.4600    1709.8800    1720.2200    1718.4000
    1716.5900    1714.7900    1712.8500    1710.7800    1708.7100    1706.7200
    1704.8800    1703.1900    1701.5900    1700.0300    1698.4600    1696.8000
    1694.9800    1693.0700    1691.1300    1689.2900    1687.7500    1686.4600
    1685.2400    1684.0200    1682.9000    1681.9300    1681.3200    1681.1000
    1681.1600    1681.4800    1682.1000    1682.9800    1683.9100    1684.8900
    1685.7900    1686.6400    1687.2700    1687.7200    1688.2400    1688.9100
    1689.7800    1690.8600    1692.5100    1694.5000    1696.0900    1697.2300
    1698.4100    1699.7600    1701.2800    1702.8300    1704.2000    1705.1500
    1705.4500    1705.1800    1704.5200    1703.6000    1702.3800    1700.8900
    1699.3400    1697.7700    1696.1800    1694.6800    1693.4400    1692.5500
    1692.0200    1691.7900    1691.8200    1692.0700    1692.5500    1693.2300
    1694.1600    1695.2800    1696.6100    1698.1500    1699.7700    1701.4300
    1702.9600    1704.3000    1705.5800    1706.7200    1707.7800    1708.7600
    1709.8600    1711.0900    1720.5700    1718.8500    1717.1100    1715.3600
    1713.3600    1711.1100    1708.9800    1707.0100    1705.2000    1703.5300
    1701.9700    1700.4800    1698.9400    1697.3100    1695.3700    1693.1900
    1691.3000    1689.7800    1688.4800    1687.3700    1686.3100    1685.2700
    1684.2900    1683.4400    1682.9300    1682.7800    1682.9800    1683.4900
    1684.2300    1685.1600    1686.0500    1686.8500    1687.5700    1688.1500
    1688.6600    1689.1200    1689.6500    1690.3000    1691.2300    1692.5200
    1694.5000    1696.9900    1698.7700    1699.7300    1700.7700    1702.0200
    1703.5600    1705.3400    1706.7400    1707.6100    1707.5200    1706.5800
    1705.4300    1704.2400    1702.7600    1700.9800    1699.3000    1697.7600
    1696.1100    1694.4700    1693.2800    1692.6300    1692.3100    1692.2600
    1692.4400    1692.8200    1693.4900    1694.4500    1695.6700    1697.1400
    1698.7400    1700.4500    1702.2400    1704.0500    1705.5500    1706.7400
    1707.8700    1708.8400    1709.6900    1710.5000    1711.5400    1712.6500
    1720.6400    1718.9700    1717.2600    1715.5000    1713.4600    1711.1800
    1709.0400    1707.1000    1705.3200    1703.6800    1702.1400    1700.6700
    1699.0900    1697.3800    1695.3500    1693.1300    1691.3500    1690.0800
    1689.0300    1688.1000    1687.2200    1686.3600    1685.5700    1684.8800
    1684.5100    1684.4600    1684.7200    1685.2700    1685.9800    1686.8200
    1687.6000    1688.2600    1688.8500    1689.3300    1689.8400    1690.3700
    1691.0500    1691.8900    1693.0200    1694.5200    1696.7200    1699.4500
    1701.4100    1702.4800    1703.5600    1704.7800    1706.2100    1707.7900
    1708.9700    1709.5300    1708.9100    1707.3000    1705.6600    1704.2100
    1702.6100    1700.7700    1699.1000    1697.5600    1695.8700    1694.1700
    1693.0600    1692.6300    1692.5300    1692.6700    1693.0200    1693.6000
    1694.5300    1695.7900    1697.3200    1699.0600    1700.8700    1702.7400
    1704.6300    1706.5000    1708.0000    1709.1400    1710.1800    1711.0500
    1711.8200    1712.5400    1713.3800    1714.3000    1720.4800    1718.8600
    1717.1600    1715.3300    1713.2700    1711.0700    1708.9700    1707.0900
    1705.3300    1703.6900    1702.1500    1700.6500    1698.9700    1697.0600
    1694.9900    1692.9200    1691.3200    1690.2700    1689.4100    1688.6400
    1687.9200    1687.2400    1686.6200    1686.1400    1685.9000    1685.9500
    1686.2200    1686.6700    1687.2600    1687.9000    1688.5500    1689.1700
    1689.7900    1690.3700    1691.0200    1691.7300    1692.6500    1693.8600
    1695.2000    1696.8500    1699.0700    1701.7500    1703.8700    1705.2800
    1706.5600    1707.8400    1708.9700    1709.9400    1710.6500    1710.7800
    1709.6100    1707.2500    1705.1800    1703.6100    1702.0300    1700.3900
    1698.8100    1697.2900    1695.6100    1693.8900    1692.8800    1692.6700
    1692.7700    1693.0800    1693.6300    1694.4300    1695.6500    1697.2600
    1699.0600    1700.9700    1702.9600    1704.9500    1706.9100    1708.7600
    1710.2800    1711.4700    1712.4900    1713.3500    1714.0500    1714.6700
    1715.3900    1716.1500    1720.3900    1718.7900    1717.1000    1715.2500
    1713.1900    1711.0200    1708.9600    1707.1000    1705.3500    1703.6800
    1702.1200    1700.5700    1698.8200    1696.8000    1694.7100    1692.7300
    1691.2900    1690.4100    1689.7300    1689.0900    1688.4900    1687.9300
    1687.4400    1687.1000    1686.9500    1687.0400    1687.2800    1687.6500
    1688.1400    1688.6900    1689.3000    1689.9800    1690.8000    1691.7000
    1692.6700    1693.6400    1694.7100    1695.9900    1697.3400    1698.9400
    1700.9300    1703.3100    1705.5400    1707.4100    1708.9200    1710.0200
    1710.7800    1711.2700    1711.5200    1711.2400    1709.6800    1706.9800
    1704.6900    1703.0300    1701.4800    1699.9700    1698.4900    1697.0400
    1695.4400    1693.8400    1692.9600    1692.8700    1693.0800    1693.5400
    1694.2900    1695.3700    1696.8700    1698.7400    1700.7700    1702.8800
    1705.0400    1707.1800    1709.2400    1711.1300    1712.6800    1713.8800
    1714.8700    1715.6700    1716.3100    1716.8600    1717.4100    1717.9900
    1720.4300    1718.9000    1717.2600    1715.4100    1713.3600    1711.1900
    1709.1300    1707.2700    1705.4800    1703.7700    1702.1600    1700.6000
    1698.8000    1696.7300    1694.6300    1692.7100    1691.3500    1690.6000
    1690.0300    1689.4900    1688.9700    1688.4600    1688.0500    1687.7700
    1687.6600    1687.7200    1687.9300    1688.2500    1688.7000    1689.2800
    1689.9600    1690.7500    1691.9000    1693.3500    1694.7100    1695.9700
    1697.0400    1698.0100    1699.1800    1700.5200    1702.0900    1703.7700
    1706.0500    1708.8000    1710.5100    1711.0900    1711.4700    1711.6900
    1711.5700    1710.9400    1709.1900    1706.5700    1704.2800    1702.5700
    1701.0500    1699.6200    1698.2000    1696.8000    1695.3700    1694.0400
    1693.3100    1693.2500    1693.4900    1694.0000    1694.9400    1696.3700
    1698.1400    1700.1600    1702.3700    1704.7100    1707.0600    1709.3700
    1711.5800    1713.5900    1715.1900    1716.3500    1717.2800    1718.0100
    1718.5900    1719.0200    1719.4500    1719.8700    1720.7600    1719.2700
    1717.7000    1715.9400    1713.9500    1711.7600    1709.6500    1707.7100
    1705.8600    1704.1000    1702.4500    1700.8500    1699.0400    1696.9800
    1694.8800    1692.9400    1691.6000    1690.8900    1690.3600    1689.8600
    1689.3700    1688.8900    1688.5000    1688.2500    1688.1400    1688.1700
    1688.3500    1688.6500    1689.1200    1689.7600    1690.5700    1691.5900
    1693.0600    1694.8700    1696.4300    1697.7000    1698.6200    1699.3900
    1700.3600    1701.4700    1702.6600    1704.0000    1706.2100    1709.1600
    1710.9600    1711.4200    1711.6000    1711.5900    1711.1500    1710.1900
    1708.3800    1705.9200    1703.7700    1702.1200    1700.6400    1699.2700
    1697.9300    1696.6200    1695.3900    1694.3300    1693.7500    1693.7000
    1693.9200    1694.4600    1695.5600    1697.2400    1699.2300    1701.4400
    1703.8300    1706.3400    1708.8400    1711.3000    1713.6700    1715.8600
    1717.5600    1718.7300    1719.6300    1720.3200    1720.8500    1721.2200
    1721.4600    1721.6800    1721.3200    1719.8100    1718.3300    1716.7900
    1714.9100    1712.6900    1710.5100    1708.4300    1706.4900    1704.7100
    1703.0300    1701.3700    1699.5700    1697.5800    1695.5000    1693.4900
    1692.0900    1691.3300    1690.7400    1690.2200    1689.7200    1689.2400
    1688.8400    1688.5600    1688.4200    1688.4300    1688.5900    1688.8900
    1689.3900    1690.1000    1691.0500    1692.3200    1694.0300    1696.0700
    1697.6400    1698.5900    1699.3200    1699.9600    1700.8700    1701.9600
    1702.9100    1704.0100    1705.9900    1708.6300    1710.3400    1710.9700
    1711.1500    1711.0000    1710.3300    1708.9400    1707.1600    1705.1100
    1703.2200    1701.6400    1700.2300    1698.9300    1697.6600    1696.4300
    1695.4100    1694.7000    1694.2600    1694.1300    1694.3100    1694.8500
    1696.0600    1697.9300    1700.1300    1702.5400    1705.0900    1707.7300
    1710.3600    1712.9200    1715.4800    1717.9200    1719.7800    1721.0200
    1721.9100    1722.5500    1723.0300    1723.2800    1723.3800    1723.4900
    1721.8100    1720.3500    1718.9300    1717.5000    1715.7400    1713.6600
    1711.5100    1709.3600    1707.3600    1705.5400    1703.8400    1702.1700
    1700.3800    1698.4600    1696.4400    1694.4500    1692.9300    1691.9500
    1691.1800    1690.5700    1690.0000    1689.4600    1689.0100    1688.6800
    1688.5000    1688.4900    1688.6300    1688.9400    1689.4500    1690.2000
    1691.2200    1692.5800    1694.3700    1696.4400    1698.0200    1698.9400
    1699.6200    1700.2000    1701.1100    1702.1100    1702.8600    1703.7500
    1705.3100    1707.3500    1708.6700    1709.2200    1709.4000    1709.2900
    1708.6400    1707.3200    1705.7900    1704.1200    1702.5300    1701.1100
    1699.8000    1698.5900    1697.4200    1696.3100    1695.4600    1694.9200
    1694.5700    1694.4400    1694.6100    1695.1900    1696.4900    1698.4800
    1700.8100    1703.3700    1706.0900    1708.8900    1711.7000    1714.4400
    1717.2400    1719.9000    1721.9300    1723.2300    1724.1000    1724.7000
    1725.1200    1725.3000    1725.2600    1725.1900    1722.1500    1720.7600
    1719.3700    1717.9100    1716.3200    1714.5600    1712.5400    1710.3700
    1708.3400    1706.5300    1704.8200    1703.1600    1701.4000    1699.5200
    1697.6300    1695.8100    1694.1800    1692.7500    1691.6900    1690.9500
    1690.2400    1689.5700    1689.0100    1688.6100    1688.3800    1688.3400
    1688.4800    1688.7900    1689.2800    1690.0100    1691.0100    1692.3200
    1694.0200    1695.9400    1697.5600    1698.7800    1699.5900    1700.1500
    1701.0200    1701.8100    1702.4900    1703.4500    1704.5200    1705.5000
    1706.2400    1706.5600    1706.7400    1706.8100    1706.3800    1705.4900
    1704.3400    1703.1000    1701.7900    1700.5400    1699.3500    1698.2400
    1697.1800    1696.2300    1695.4900    1695.0000    1694.7000    1694.5900
    1694.8100    1695.4900    1696.8600    1698.9000    1701.3300    1703.9900
    1706.8700    1709.9000    1712.9300    1715.9200    1718.9700    1721.8900
    1724.0600    1725.3700    1726.2000    1726.7500    1726.9900    1727.0900
    1727.0500    1726.9300    1722.2800    1720.9600    1719.6000    1718.1900
    1716.7500    1715.2300    1713.3800    1711.2700    1709.2700    1707.4500
    1705.7700    1704.1400    1702.4400    1700.6600    1698.9200    1697.2400
    1695.5500    1693.8700    1692.4900    1691.4400    1690.4700    1689.5900
    1688.8600    1688.3200    1688.0400    1687.9900    1688.1100    1688.4000
    1688.8500    1689.5100    1690.4400    1691.6500    1693.1900    1694.9400
    1696.5500    1697.9400    1698.9900    1699.7500    1700.7200    1701.6200
    1702.3600    1703.1400    1703.8100    1704.2500    1704.5900    1704.7200
    1704.8500    1704.9600    1704.6900    1704.0800    1703.2400    1702.2100
    1701.0500    1699.9400    1698.8500    1697.8500    1696.9100    1696.0800
    1695.4400    1695.0200    1694.7600    1694.6900    1694.9600    1695.7100
    1697.1700    1699.3000    1701.8200    1704.6100    1707.6700    1710.9100
    1714.1700    1717.4000    1720.7000    1723.8300    1726.0900    1727.4000
    1728.1800    1728.6600    1728.8300    1728.8600    1728.7400    1728.5400
    1722.1600    1720.9100    1719.6100    1718.2400    1716.9700    1715.6700
    1713.9900    1711.9800    1710.0100    1708.2000    1706.5400    1704.9900
    1703.3700    1701.6900    1700.1000    1698.6300    1696.9700    1695.1600
    1693.4900    1691.9900    1690.6600    1689.5100    1688.5600    1687.8500
    1687.5200    1687.4900    1687.6100    1687.8400    1688.2200    1688.7800
    1689.5900    1690.7000    1692.0400    1693.5100    1695.0200    1696.5200
    1697.8600    1699.1000    1700.4000    1701.5900    1702.4100    1702.9600
    1703.4100    1703.7100    1703.9000    1704.0000    1704.0500    1704.0100
    1703.7600    1703.2500    1702.4900    1701.4000    1700.2500    1699.2700
    1698.3000    1697.3900    1696.5700    1695.8700    1695.3400    1694.9900
    1694.7800    1694.7700    1695.0900    1695.8900    1697.4300    1699.6900
    1702.3300    1705.2700    1708.5000    1711.9400    1715.4100    1718.8500
    1722.3700    1725.7300    1728.0600    1729.2800    1729.9600    1730.3400
    1730.4600    1730.4500    1730.2800    1730.0600    1721.7400    1720.5000
    1719.2700    1718.0700    1717.0000    1715.8900    1714.3500    1712.4000
    1710.4600    1708.6800    1707.0500    1705.5300    1703.9800    1702.4100
    1700.9500    1699.5800    1697.9800    1696.1200    1694.2500    1692.4200
    1690.7300    1689.2600    1688.1300    1687.3700    1687.0400    1687.0200
    1687.1100    1687.2800    1687.5500    1687.9600    1688.5900    1689.5000
    1690.6300    1691.9200    1693.2600    1694.7000    1696.3600    1698.1800
    1699.9000    1701.2800    1702.2300    1702.8200    1703.2000    1703.4500
    1703.5900    1703.6400    1703.6200    1703.5000    1703.2000    1702.6500
    1701.8000    1700.6200    1699.4400    1698.5100    1697.6400    1696.8500
    1696.1600    1695.6000    1695.1900    1694.9400    1694.8000    1694.8400
    1695.2100    1696.0800    1697.7200    1700.0800    1702.8100    1705.8400
    1709.2200    1712.8800    1716.5700    1720.2000    1723.9000    1727.4000
    1729.7800    1730.9400    1731.5200    1731.8100    1731.8600    1731.7900
    1731.6300    1731.4400    1721.0900    1719.7200    1718.5900    1717.6900
    1716.8300    1715.9000    1714.4400    1712.4900    1710.5900    1708.8500
    1707.2500    1705.7400    1704.2500    1702.7700    1701.3900    1700.0500
    1698.4700    1696.6600    1694.6800    1692.6300    1690.6500    1688.8300
    1687.5900    1686.9600    1686.6900    1686.6700    1686.7300    1686.8200
    1686.9800    1687.2200    1687.6300    1688.2300    1689.1900    1690.4200
    1691.5800    1692.6700    1694.6100    1697.3000    1699.4900    1701.0100
    1702.0500    1702.7000    1703.0900    1703.3300    1703.4400    1703.4600
    1703.3900    1703.2000    1702.8500    1702.2000    1701.1900    1699.8500
    1698.6000    1697.7100    1696.9400    1696.2500    1695.7100    1695.3200
    1695.0500    1694.8900    1694.8200    1694.9100    1695.3400    1696.2900
    1698.0100    1700.4700    1703.2400    1706.2400    1709.7500    1713.6800
    1717.5900    1721.3700    1725.2000    1728.8000    1731.1900    1732.2700
    1732.7900    1733.0400    1733.0300    1732.9200    1732.7400    1732.5400
    1720.1900    1718.9000    1717.9300    1717.2000    1716.4500    1715.5400
    1714.1100    1712.2300    1710.4100    1708.7700    1707.2300    1705.7500
    1704.3000    1702.8800    1701.5300    1700.1900    1698.6000    1696.7500
    1694.6900    1692.5400    1690.4200    1688.4800    1687.2300    1686.6800
    1686.4700    1686.4400    1686.4700    1686.5200    1686.6200    1686.7600
    1687.0000    1687.4100    1688.2300    1689.4000    1690.4900    1691.5800
    1693.7200    1696.7900    1699.2400    1700.8500    1701.9300    1702.6100
    1703.0300    1703.2700    1703.3800    1703.3700    1703.2500    1703.0100
    1702.5900    1701.7900    1700.5900    1699.1100    1697.8200    1696.9300
    1696.2400    1695.7100    1695.3500    1695.1100    1694.9500    1694.8700
    1694.8500    1694.9800    1695.4600    1696.4500    1698.2400    1700.7600
    1703.5400    1706.5400    1710.1300    1714.2400    1718.2900    1722.1600
    1726.0600    1729.7200    1732.1300    1733.1900    1733.7100    1733.9600
    1733.9500    1733.8600    1733.6800    1733.4800    1719.0700    1718.0900
    1717.3100    1716.6900    1715.9200    1714.8300    1713.4000    1711.6700
    1710.0100    1708.5100    1707.0600    1705.6400    1704.2200    1702.8200
    1701.4700    1700.1000    1698.4500    1696.4700    1694.3800    1692.2500
    1690.1600    1688.2700    1687.0800    1686.6300    1686.4300    1686.3600
    1686.3700    1686.4200    1686.5000    1686.6400    1686.8100    1687.0900
    1687.8400    1688.9800    1690.1300    1691.4400    1693.7200    1696.7800
    1699.2800    1700.8500    1701.9100    1702.5900    1703.0100    1703.2400
    1703.3300    1703.3100    1703.1700    1702.8800    1702.3800    1701.4200
    1700.0700    1698.6000    1697.3100    1696.2700    1695.6300    1695.3500
    1695.1400    1695.0000    1694.9200    1694.8900    1694.9100    1695.0700
    1695.5700    1696.6000    1698.4200    1700.9900    1703.7800    1706.7300
    1710.3600    1714.5900    1718.6800    1722.5200    1726.4400    1730.1500
    1732.5900    1733.6800    1734.2300    1734.5100    1734.6600    1734.6300
    1734.4200    1734.2600    1717.9400    1717.1900    1716.5900    1716.0300
    1715.2100    1714.0700    1712.6600    1711.0700    1709.5800    1708.2300
    1706.8700    1705.4700    1704.0700    1702.6700    1701.2700    1699.8200
    1698.1100    1696.1200    1694.1000    1692.0900    1690.1400    1688.3800
    1687.2300    1686.7400    1686.5100    1686.4200    1686.4200    1686.4700
    1686.5500    1686.6900    1686.8600    1687.1500    1687.8800    1689.0300
    1690.2300    1691.6400    1693.9500    1696.9800    1699.4400    1700.9700
    1701.9900    1702.6500    1703.0300    1703.2500    1703.3300    1703.3200
    1703.1700    1702.8300    1702.2600    1701.2200    1699.8200    1698.3800
    1697.1200    1696.1000    1695.4700    1695.2300    1695.0700    1694.9900
    1694.9600    1694.9700    1695.0100    1695.1900    1695.7400    1696.8200
    1698.6500    1701.2000    1704.0200    1707.0200    1710.6300    1714.7500
    1718.7400    1722.5300    1726.4000    1730.0800    1732.5500    1733.7200
    1734.3700    1734.7600    1734.9900    1735.0400    1734.9200    1734.8400
    1716.8400    1716.3500    1715.8700    1715.3100    1714.4700    1713.3300
    1712.0000    1710.5800    1709.2600    1708.0600    1706.7700    1705.3500
    1703.9500    1702.5800    1701.1000    1699.4800    1697.7300    1695.8800
    1694.0100    1692.1900    1690.4600    1688.9200    1687.7900    1687.0800
    1686.7400    1686.6700    1686.6800    1686.7300    1686.8100    1686.9200
    1687.1400    1687.5600    1688.3100    1689.4300    1690.6200    1692.0300
    1694.3300    1697.2800    1699.6700    1701.1700    1702.1400    1702.7500
    1703.0800    1703.2900    1703.3800    1703.3400    1703.1700    1702.8500
    1702.3200    1701.3100    1699.9300    1698.5200    1697.3500    1696.4700
    1695.8400    1695.4200    1695.2000    1695.1500    1695.1200    1695.1600
    1695.2200    1695.3900    1696.0300    1697.2300    1699.0500    1701.4500
    1704.2700    1707.5000    1711.0300    1714.7500    1718.5300    1722.2600
    1726.0200    1729.5500    1732.0300    1733.3700    1734.1700    1734.6900
    1734.9600    1735.1100    1735.1500    1735.1400    1716.1100    1715.7500
    1715.3300    1714.7600    1713.9200    1712.8100    1711.5600    1710.2800
    1709.1100    1708.0500    1706.8600    1705.4700    1704.0800    1702.6900
    1701.1400    1699.4400    1697.7200    1696.0000    1694.3100    1692.6800
    1691.1500    1689.8000    1688.7100    1687.8900    1687.4400    1687.3100
    1687.3000    1687.3400    1687.4400    1687.5800    1687.8700    1688.3300
    1689.0300    1690.0300    1691.1700    1692.5800    1694.8500    1697.7200
    1700.0300    1701.4700    1702.3600    1702.8800    1703.1700    1703.3900
    1703.4700    1703.3900    1703.2200    1702.9400    1702.5000    1701.6300
    1700.3800    1699.0800    1698.0200    1697.2400    1696.6200    1696.1300
    1695.8100    1695.6400    1695.5200    1695.5200    1695.6300    1695.9100
    1696.6600    1697.9300    1699.7000    1701.9500    1704.7000    1707.9000
    1711.2900    1714.7600    1718.3100    1721.8700    1725.4500    1728.8200
    1731.2700    1732.7500    1733.7300    1734.4100    1734.8300    1735.0900
    1735.2300    1735.3100    1715.8500    1715.4900    1715.0600    1714.4700
    1713.6400    1712.5800    1711.4000    1710.2200    1709.1800    1708.2800
    1707.2100    1705.9300    1704.5700    1703.1200    1701.5200    1699.8000
    1698.1300    1696.5900    1695.0500    1693.5500    1692.2000    1691.0500
    1690.0200    1689.1600    1688.6100    1688.3500    1688.2800    1688.3300
    1688.4700    1688.6900    1689.0200    1689.5100    1690.0700    1690.7700
    1691.8500    1693.3600    1695.6100    1698.3300    1700.5100    1701.8600
    1702.6300    1703.0600    1703.3200    1703.4900    1703.5400    1703.4900
    1703.3500    1703.1100    1702.7300    1702.0500    1701.0800    1700.0000
    1699.1100    1698.3800    1697.7900    1697.3500    1696.9500    1696.5200
    1696.2500    1696.1500    1696.3100    1696.8200    1697.6800    1699.0100
    1700.6900    1702.7200    1705.2900    1708.3100    1711.5200    1714.8200
    1718.1500    1721.4900    1724.8200    1727.9400    1730.3400    1731.9800
    1733.1300    1733.9700    1734.5800    1734.9700    1735.1400    1735.2800
    1715.7700    1715.4300    1715.0100    1714.4400    1713.6700    1712.6900
    1711.5900    1710.4700    1709.5400    1708.7700    1707.8700    1706.7400
    1705.4400    1703.9700    1702.3400    1700.6300    1699.0000    1697.5300
    1696.1000    1694.7500    1693.5500    1692.5100    1691.5200    1690.6400
    1690.0200    1689.6900    1689.5800    1689.6500    1689.8600    1690.1500
    1690.4900    1690.8800    1691.2700    1691.8000    1692.9100    1694.5900
    1696.8000    1699.2500    1701.1800    1702.3400    1702.9500    1703.2700
    1703.4500    1703.5300    1703.5600    1703.5300    1703.4600    1703.3200
    1703.0600    1702.6100    1701.9400    1701.1400    1700.4500    1699.8300
    1699.2500    1698.8200    1698.4100    1697.9200    1697.5600    1697.4100
    1697.5800    1698.1200    1699.0000    1700.2900    1701.8900    1703.8000
    1706.1800    1708.9700    1711.9400    1715.0000    1718.0900    1721.1800
    1724.2600    1727.1600    1729.5000    1731.2100    1732.5000    1733.4600
    1734.1900    1734.6700    1734.9300    1735.1400    1715.8700    1715.5300
    1715.1400    1714.6400    1713.9900    1713.1600    1712.1700    1711.0800
    1710.2200    1709.5800    1708.8600    1707.9800    1706.7900    1705.2600
    1703.6400    1701.9700    1700.3300    1698.8100    1697.4500    1696.2700
    1695.1700    1694.1600    1693.1900    1692.3100    1691.6600    1691.2800
    1691.1600    1691.2800    1691.5600    1691.9500    1692.2800    1692.5100
    1692.7600    1693.1400    1694.3400    1696.4500    1698.5300    1700.3400
    1701.8600    1702.8500    1703.3000    1703.5100    1703.5800    1703.5900
    1703.5900    1703.5700    1703.5700    1703.5600    1703.4700    1703.2700
    1702.9300    1702.4500    1701.9500    1701.3900    1700.8100    1700.3700
    1700.0400    1699.7800    1699.4300    1699.2000    1699.3300    1699.7500
    1700.5500    1701.7100    1703.2400    1705.1500    1707.3700    1709.8600
    1712.5400    1715.3300    1718.1600    1720.9900    1723.8300    1726.5100
    1728.7600    1730.5200    1731.8600    1732.8900    1733.6900    1734.2700
    1734.6200    1734.8700    1716.0800    1715.7600    1715.4500    1715.0700
    1714.5800    1713.9500    1713.1600    1712.2300    1711.4700    1710.9000
    1710.2800    1709.5600    1708.5300    1707.1400    1705.5700    1703.8800
    1702.1900    1700.6200    1699.2500    1698.1200    1697.0700    1696.0900
    1695.1500    1694.2900    1693.6200    1693.2100    1693.0700    1693.2200
    1693.5700    1694.0400    1694.4300    1694.6700    1694.9300    1695.3300
    1696.5100    1698.4800    1700.2800    1701.6300    1702.7200    1703.4300
    1703.7400    1703.8200    1703.7800    1703.6800    1703.6400    1703.6500
    1703.7000    1703.7900    1703.9000    1704.0000    1703.9800    1703.8000
    1703.4600    1702.9400    1702.3300    1701.8500    1701.5700    1701.4000
    1701.1300    1700.9500    1701.0600    1701.4300    1702.1800    1703.2700
    1704.7200    1706.5200    1708.5500    1710.7800    1713.1900    1715.7100
    1718.3000    1720.9300    1723.5800    1726.1000    1728.2400    1729.9600
    1731.3000    1732.3600    1733.2000    1733.8200    1734.2300    1734.5400
    1716.3800    1716.1400    1715.9200    1715.6900    1715.3900    1715.0100
    1714.4800    1713.8500    1713.2300    1712.6300    1712.0500    1711.4000
    1710.5500    1709.4900    1708.0300    1706.2400    1704.5100    1702.8800
    1701.4800    1700.3000    1699.2400    1698.2800    1697.3700    1696.5500
    1695.8800    1695.4100    1695.2600    1695.4100    1695.7900    1696.3400
    1696.8100    1697.2300    1697.6500    1698.2500    1699.2700    1700.6200
    1701.9900    1703.0700    1703.8100    1704.2200    1704.3600    1704.2900
    1704.0900    1703.8400    1703.7300    1703.7600    1703.8300    1703.9800
    1704.2900    1704.6700    1704.9400    1705.0100    1704.8800    1704.4700
    1703.8400    1703.1800    1702.7200    1702.4400    1702.3200    1702.3600
    1702.5600    1703.0100    1703.7700    1704.8700    1706.2200    1707.8200
    1709.6300    1711.6400    1713.8000    1716.0700    1718.4600    1720.9400
    1723.4600    1725.8800    1727.9200    1729.5100    1730.7900    1731.8100
    1732.6400    1733.3200    1733.7900    1734.1100    1716.9700    1716.7700
    1716.6300    1716.5100    1716.3600    1716.1800    1715.8700    1715.4700
    1715.0000    1714.4600    1713.9300    1713.3400    1712.6000    1711.6900
    1710.3700    1708.7000    1707.0500    1705.4600    1704.0400    1702.7900
    1701.6700    1700.6600    1699.7300    1698.9000    1698.2100    1697.7100
    1697.5400    1697.6700    1698.0500    1698.6000    1699.1200    1699.6200
    1700.1500    1700.8300    1701.7400    1702.7900    1703.8400    1704.6500
    1705.1700    1705.3700    1705.3100    1705.0500    1704.6900    1704.3000
    1704.0800    1704.0400    1703.9800    1704.0300    1704.4600    1705.1500
    1705.5600    1705.7600    1705.8300    1705.6100    1705.0500    1704.1400
    1703.4100    1703.1400    1703.1600    1703.3900    1703.7800    1704.3700
    1705.1800    1706.2400    1707.4800    1708.9100    1710.5200    1712.3200
    1714.2700    1716.3700    1718.6000    1720.9400    1723.3700    1725.7100
    1727.6500    1729.1500    1730.3500    1731.3100    1732.1000    1732.7600
    1733.2700    1733.6400    1717.8100    1717.6400    1717.5400    1717.4700
    1717.4200    1717.3600    1717.2200    1716.9900    1716.6700    1716.2600
    1715.7900    1715.2200    1714.5100    1713.6000    1712.4500    1711.1100
    1709.6500    1708.1800    1706.7800    1705.4600    1704.2600    1703.1500
    1702.1400    1701.2300    1700.5000    1700.0100    1699.8300    1699.9400
    1700.2700    1700.7400    1701.2300    1701.7100    1702.3000    1703.0300
    1703.9400    1704.9600    1705.9100    1706.6000    1706.9800    1706.9800
    1706.7000    1706.2200    1705.6500    1705.1400    1704.7700    1704.5900
    1704.3200    1703.8900    1704.3700    1704.6000    1704.4800    1704.5200
    1704.6200    1704.6400    1704.7700    1704.3800    1703.6200    1703.7100
    1703.7900    1704.2000    1704.7700    1705.5100    1706.3600    1707.3500
    1708.4700    1709.7500    1711.1800    1712.7800    1714.5800    1716.5700
    1718.6900    1720.9100    1723.2500    1725.5800    1727.4400    1728.8200
    1729.9100    1730.7700    1731.4700    1732.1200    1732.6800    1733.0200
    1718.7100    1718.5900    1718.5500    1718.5400    1718.5600    1718.5900
    1718.5500    1718.4500    1718.2400    1717.9300    1717.5200    1716.9900
    1716.3100    1715.4600    1714.4500    1713.3200    1712.0300    1710.6800
    1709.3300    1708.0200    1706.7800    1705.6000    1704.5100    1703.5300
    1702.7500    1702.2400    1702.0400    1702.1300    1702.4100    1702.8100
    1703.2700    1703.7600    1704.4500    1705.3000    1706.2700    1707.3300
    1708.3600    1709.1700    1709.5300    1709.3500    1708.8300    1708.1100
    1707.2500    1706.4100    1705.7700    1705.4200    1705.0800    1704.4800
    1704.4900    1703.8100    1702.9200    1702.6300    1702.6400    1702.9000
    1703.6500    1704.3700    1704.3700    1704.4200    1704.4000    1704.9000
    1705.5800    1706.4000    1707.2700    1708.1900    1709.2200    1710.3700
    1711.6800    1713.1400    1714.8300    1716.7300    1718.7600    1720.8800
    1723.1600    1725.4300    1727.2400    1728.5200    1729.4800    1730.2500
    1730.8700    1731.4500    1732.0100    1732.3800    1719.6000    1719.5600
    1719.5800    1719.6500    1719.7300    1719.8100    1719.8400    1719.8100
    1719.6800    1719.4400    1719.1000    1718.6300    1718.0100    1717.2300
    1716.3100    1715.3000    1714.1300    1712.8600    1711.5800    1710.3400
    1709.1100    1707.9100    1706.7700    1705.7200    1704.9000    1704.3600
    1704.1400    1704.2300    1704.4600    1704.7900    1705.2300    1705.8100
    1706.6700    1707.7400    1708.8000    1709.8100    1710.9400    1712.1800
    1712.5500    1712.0900    1711.3400    1710.4200    1709.2400    1707.8500
    1706.8600    1706.2600    1705.8500    1704.9200    1703.9700    1703.1600
    1702.2900    1701.9500    1701.9800    1702.3100    1702.9900    1703.8300
    1704.5900    1704.7500    1704.9100    1705.5400    1706.2000    1707.0700
    1707.9400    1708.7800    1709.7400    1710.8200    1712.0400    1713.4300
    1715.0500    1716.8700    1718.8200    1720.8700    1723.0700    1725.2700
    1727.0000    1728.1900    1729.0500    1729.7100    1730.2300    1730.7600
    1731.2800    1731.5900    1720.4300    1720.4600    1720.5700    1720.7100
    1720.8600    1720.9800    1721.0500    1721.0500    1720.9700    1720.8000
    1720.5500    1720.1700    1719.6300    1718.9100    1718.0300    1717.0200
    1715.9000    1714.6900    1713.4900    1712.3000    1711.1200    1709.9500
    1708.8400    1707.8000    1706.9700    1706.4000    1706.1400    1706.1800
    1706.3600    1706.6500    1707.1000    1707.7800    1708.8800    1710.2300
    1711.3900    1712.2700    1713.2300    1714.3100    1714.4900    1713.8300
    1712.9100    1711.8300    1710.4700    1708.8500    1707.6000    1706.7200
    1705.9100    1704.4500    1703.0400    1702.2400    1701.6500    1701.4600
    1701.5500    1701.8800    1702.4600    1703.0700    1703.9900    1704.8500
    1705.4900    1706.0800    1706.6200    1707.4600    1708.3100    1709.1300
    1710.0600    1711.1000    1712.3000    1713.6500    1715.2300    1717.0100
    1718.9000    1720.8800    1723.0000    1725.1200    1726.7400    1727.8200
    1728.5900    1729.1500    1729.5900    1730.0500    1730.5100    1730.7800
    1721.2100    1721.2900    1721.4700    1721.7100    1721.9200    1722.0600
    1722.1400    1722.1400    1722.0900    1721.9700    1721.8000    1721.5700
    1721.1300    1720.4600    1719.5600    1718.4300    1717.3000    1716.2000
    1715.0600    1713.9000    1712.7600    1711.6700    1710.6400    1709.7200
    1708.9300    1708.3100    1708.0000    1707.9700    1708.1000    1708.3700
    1708.8600    1709.6100    1710.9200    1712.7000    1713.8700    1714.4200
    1714.9600    1715.3400    1715.1800    1714.3600    1713.3200    1712.1700
    1710.7700    1709.2500    1707.8300    1706.6200    1705.4000    1703.9600
    1702.6100    1701.6400    1701.0900    1700.9300    1701.0600    1701.4700
    1702.1000    1702.9200    1703.8600    1704.7900    1705.6500    1706.2300
    1706.7800    1707.5900    1708.4400    1709.2900    1710.2100    1711.2600
    1712.4500    1713.8000    1715.3600    1717.1100    1718.9500    1720.8500
    1722.9000    1724.9400    1726.4700    1727.4400    1728.1100    1728.6000
    1729.0400    1729.4000    1729.7100    1729.9300    1721.9300    1722.0500
    1722.2800    1722.5800    1722.8200    1722.9700    1723.0600    1723.0700
    1723.0400    1722.9400    1722.8000    1722.6000    1722.2000    1721.5700
    1720.7000    1719.5700    1718.4500    1717.3800    1716.3000    1715.2000
    1714.1200    1713.0700    1712.0900    1711.2600    1710.5400    1709.9700
    1709.6800    1709.6500    1709.8100    1710.1200    1710.6600    1711.4700
    1712.7400    1714.3900    1715.3800    1715.7000    1715.9200    1715.9400
    1715.5100    1714.5600    1713.4200    1712.1900    1710.7100    1709.1200
    1707.5300    1706.0400    1704.6700    1703.3500    1702.1400    1701.2000
    1700.6800    1700.5700    1700.7400    1701.1800    1701.8800    1702.8200
    1703.7500    1704.5600    1705.4500    1706.2000    1706.8200    1707.6300
    1708.4800    1709.3500    1710.2900    1711.3400    1712.5000    1713.8200
    1715.3400    1717.0400    1718.8400    1720.6900    1722.6800    1724.6400
    1726.1000    1726.9800    1727.5700    1727.9900    1728.3700    1728.6700
    1728.9100    1729.0600    1722.6200    1722.7900    1723.0400    1723.3400
    1723.5800    1723.7400    1723.8400    1723.8800    1723.8600    1723.7700
    1723.5800    1723.2800    1722.8500    1722.2800    1721.4700    1720.4700
    1719.3800    1718.2600    1717.2000    1716.2300    1715.2000    1714.1200
    1713.1800    1712.4000    1711.7800    1711.3600    1711.1700    1711.2200
    1711.4600    1711.8700    1712.4800    1713.3400    1714.3200    1715.2700
    1715.9200    1716.1600    1716.2700    1716.2400    1715.7100    1714.6800
    1713.4200    1712.0600    1710.4300    1708.6100    1706.8700    1705.2600
    1703.9100    1702.7700    1701.7400    1700.8800    1700.4400    1700.4500
    1700.6600    1701.0200    1701.7700    1702.8300    1703.8100    1704.6700
    1705.5000    1706.2000    1706.8600    1707.6400    1708.4900    1709.3900
    1710.3300    1711.3500    1712.4600    1713.7100    1715.1500    1716.7800
    1718.5300    1720.3600    1722.3000    1724.1900    1725.5800    1726.4100
    1726.9500    1727.3300    1727.6000    1727.8400    1728.0800    1728.1800
    1723.4000    1723.5800    1723.8200    1724.1000    1724.3400    1724.5100
    1724.6600    1724.7400    1724.7500    1724.6300    1724.3700    1723.9500
    1723.4300    1722.8200    1722.0600    1721.1400    1720.0800    1718.9300
    1717.8600    1716.9000    1715.9000    1714.8800    1714.0000    1713.3000
    1712.8000    1712.5300    1712.5000    1712.6900    1713.0500    1713.5400
    1714.1200    1714.7900    1715.4300    1715.9300    1716.2900    1716.4200
    1716.4900    1716.4000    1715.7900    1714.6500    1713.2200    1711.6500
    1709.8300    1707.8700    1706.1000    1704.5600    1703.3500    1702.3900
    1701.5400    1700.8200    1700.4600    1700.5000    1700.7700    1701.2200
    1702.0400    1703.1000    1704.0500    1704.8600    1705.5800    1706.2200
    1706.9000    1707.6700    1708.5100    1709.4000    1710.3100    1711.2700
    1712.3000    1713.4500    1714.8100    1716.3900    1718.1000    1719.9100
    1721.8000    1723.6300    1724.9600    1725.7500    1726.2500    1726.6000
    1726.8300    1727.0400    1727.2200    1727.2500    1724.2800    1724.4300
    1724.6400    1724.8700    1725.1100    1725.3400    1725.5400    1725.7000
    1725.7300    1725.5900    1725.2400    1724.6700    1724.0100    1723.2800
    1722.4900    1721.6500    1720.6000    1719.4000    1718.2700    1717.2400
    1716.2700    1715.3700    1714.5900    1713.9900    1713.6200    1713.5000
    1713.6400    1714.0000    1714.4700    1715.0400    1715.4900    1715.8200
    1716.1500    1716.4100    1716.5900    1716.6800    1716.6900    1716.5400
    1715.8200    1714.5200    1712.8900    1711.0200    1709.0300    1707.0200
    1705.3500    1704.0900    1703.0700    1702.2800    1701.6000    1701.0900
    1700.7900    1700.7200    1701.0800    1701.8300    1702.7000    1703.6100
    1704.4500    1705.1600    1705.8000    1706.3800    1707.0300    1707.7500
    1708.5500    1709.4200    1710.2700    1711.1300    1712.0400    1713.0700
    1714.3400    1715.8600    1717.5400    1719.3500    1721.2100    1722.9600
    1724.2400    1725.0000    1725.4700    1725.7700    1726.0200    1726.2000
    1726.3100    1726.3500    1725.0900    1725.2300    1725.4200    1725.6400
    1725.9000    1726.1800    1726.4300    1726.6200    1726.6800    1726.5400
    1726.1100    1725.4000    1724.5700    1723.6900    1722.8300    1721.9600
    1720.9000    1719.6600    1718.4900    1717.4500    1716.5000    1715.6800
    1715.0000    1714.5100    1714.2600    1714.2700    1714.5400    1715.0000
    1715.5000    1715.9900    1716.3000    1716.4400    1716.5900    1716.7200
    1716.8200    1716.8600    1716.8400    1716.6200    1715.7700    1714.3000
    1712.5100    1710.5200    1708.5000    1706.5400    1705.0100    1703.9500
    1703.1000    1702.4300    1701.9000    1701.5600    1701.3900    1701.3900
    1701.8100    1702.6300    1703.4600    1704.2600    1704.9600    1705.5700
    1706.1300    1706.6700    1707.2800    1707.9700    1708.7100    1709.4800
    1710.2400    1710.9900    1711.7800    1712.6600    1713.7900    1715.2000
    1716.8100    1718.5800    1720.4100    1722.1400    1723.4000    1724.1300
    1724.5700    1724.8500    1725.0900    1725.2600    1725.3800    1725.4200
    1725.8400    1725.9500    1726.1300    1726.3700    1726.6600    1726.9900
    1727.2500    1727.4200    1727.4900    1727.3900    1726.9200    1726.0600
    1725.0700    1724.0200    1723.0300    1722.0900    1720.9800    1719.7200
    1718.5400    1717.5200    1716.6200    1715.8500    1715.2500    1714.8600
    1714.7100    1714.8200    1715.1600    1715.6800    1716.1100    1716.3700
    1716.5700    1716.6800    1716.7900    1716.8900    1716.9600    1716.9700
    1716.9000    1716.6300    1715.6600    1713.9900    1712.1300    1710.2200
    1708.3000    1706.4900    1705.1100    1704.2000    1703.4600    1702.8100
    1702.4000    1702.2400    1702.2300    1702.4300    1702.8900    1703.5800
    1704.3100    1704.9700    1705.5600    1706.0700    1706.5700    1707.0900
    1707.6700    1708.3300    1708.9800    1709.6100    1710.2400    1710.8900
    1711.5400    1712.2500    1713.2000    1714.4400    1715.9200    1717.6200
    1719.4300    1721.1800    1722.4400    1723.1400    1723.5800    1723.8600
    1724.0600    1724.2400    1724.4000    1724.4300    1726.4900    1726.6000
    1726.7800    1727.0200    1727.3000    1727.5900    1727.8000    1727.9200
    1727.9800    1727.8900    1727.4100    1726.5000    1725.4000    1724.2000
    1723.0700    1722.0200    1720.8500    1719.5800    1718.4100    1717.4200
    1716.5800    1715.8900    1715.3800    1715.0600    1714.9600    1715.0900
    1715.4200    1715.9000    1716.2600    1716.4400    1716.6000    1716.7100
    1716.8300    1716.9300    1716.9900    1716.9500    1716.7700    1716.3600
    1715.3000    1713.6200    1711.8400    1710.0700    1708.3400    1706.7100
    1705.4700    1704.6500    1703.9900    1703.4500    1703.1600    1703.1100
    1703.2200    1703.5100    1703.9900    1704.6000    1705.2200    1705.7700
    1706.2700    1706.7100    1707.1600    1707.6400    1708.1600    1708.7300
    1709.2700    1709.7800    1710.2900    1710.8100    1711.3300    1711.8800
    1712.6300    1713.6500    1714.9700    1716.5800    1718.3500    1720.0900
    1721.3400    1722.0500    1722.5000    1722.8000    1723.0100    1723.2000
    1723.3500    1723.3600    1727.1000    1727.2100    1727.3700    1727.5900
    1727.8000    1727.9600    1728.0800    1728.1300    1728.1400    1728.0300
    1727.5500    1726.6900    1725.5400    1724.2100    1722.9500    1721.7400
    1720.5100    1719.2600    1718.1300    1717.1600    1716.4000    1715.8300
    1715.4100    1715.1400    1715.0500    1715.1300    1715.3800    1715.7300
    1716.0400    1716.2700    1716.4500    1716.5900    1716.7400    1716.8700
    1716.9000    1716.7900    1716.4400    1715.7800    1714.6800    1713.1700
    1711.5800    1710.0500    1708.5400    1707.1400    1706.0200    1705.2000
    1704.6300    1704.2900    1704.1100    1704.0900    1704.2700    1704.6100
    1705.0800    1705.6400    1706.1700    1706.6200    1707.0500    1707.4700
    1707.8800    1708.3100    1708.7300    1709.1600    1709.5700    1709.9800
    1710.3600    1710.7300    1711.1300    1711.5800    1712.1400    1712.8500
    1713.9800    1715.5100    1717.2200    1718.9100    1720.1500    1720.8700
    1721.3300    1721.6500    1721.8800    1722.0900    1722.2400    1722.2400
    1727.7600    1727.8200    1727.9300    1728.0700    1728.1900    1728.2500
    1728.2800    1728.2500    1728.2100    1728.0600    1727.5400    1726.6400
    1725.4300    1724.0400    1722.6700    1721.3500    1720.0500    1718.8100
    1717.7200    1716.8400    1716.1900    1715.7300    1715.3900    1715.1600
    1715.0500    1715.0600    1715.2100    1715.4400    1715.6800    1715.9000
    1716.0900    1716.2700    1716.4800    1716.6500    1716.6300    1716.3700
    1715.8500    1715.0600    1713.9800    1712.6600    1711.3200    1710.0300
    1708.7800    1707.6100    1706.6300    1705.8800    1705.3700    1705.1200
    1705.0300    1705.0900    1705.3300    1705.7100    1706.1800    1706.7000
    1707.1600    1707.5600    1707.9400    1708.3200    1708.6700    1709.0100
    1709.3200    1709.6100    1709.8900    1710.1700    1710.4200    1710.6700
    1710.9600    1711.3000    1711.7000    1712.2200    1713.1300    1714.4600
    1716.0300    1717.6700    1718.9100    1719.6300    1720.1200    1720.4500
    1720.7100    1720.9300    1721.0700    1721.0500    1728.4700    1728.4600
    1728.4700    1728.4900    1728.5000    1728.4900    1728.4300    1728.3300
    1728.2300    1728.0300    1727.4100    1726.3600    1725.0800    1723.6800
    1722.2500    1720.8400    1719.4900    1718.2400    1717.2500    1716.5200
    1715.9900    1715.6300    1715.3600    1715.1500    1715.0200    1714.9600
    1715.0000    1715.1000    1715.2400    1715.3900    1715.5500    1715.7600
    1715.9900    1716.2300    1716.1300    1715.6500    1715.0100    1714.1700
    1713.2000    1712.1300    1711.0500    1710.0100    1709.0100    1708.0900
    1707.2900    1706.6400    1706.1900    1705.9400    1705.9200    1706.1100
    1706.4200    1706.8500    1707.3200    1707.7800    1708.2000    1708.5700
    1708.9200    1709.2400    1709.5100    1709.7300    1709.9100    1710.0800
    1710.2200    1710.3400    1710.4700    1710.6200    1710.8100    1711.0500
    1711.3500    1711.7700    1712.4500    1713.4300    1714.8200    1716.4300
    1717.6500    1718.3800    1718.8600    1719.2000    1719.4600    1719.7000
    1719.8600    1719.8700    1729.1900    1729.0700    1728.9700    1728.8800
    1728.7700    1728.6700    1728.5300    1728.3600    1728.1700    1727.8600
    1727.0900    1725.8900    1724.5300    1723.1100    1721.6300    1720.1600
    1718.8100    1717.6500    1716.8000    1716.2300    1715.8400    1715.5600
    1715.3300    1715.1400    1714.9700    1714.8500    1714.7900    1714.7900
    1714.8100    1714.8600    1714.9300    1715.0500    1715.1800    1715.3100
    1715.1200    1714.5800    1713.9600    1713.2400    1712.4600    1711.6300
    1710.8000    1710.0200    1709.2700    1708.5800    1707.9900    1707.4900
    1707.1600    1706.9900    1707.0400    1707.3000    1707.6500    1708.0800
    1708.5200    1708.9400    1709.3100    1709.6300    1709.9200    1710.1900
    1710.3900    1710.4900    1710.5400    1710.5600    1710.5500    1710.5400
    1710.5500    1710.6000    1710.6900    1710.8400    1711.0500    1711.3600
    1711.8600    1712.6000    1713.7700    1715.2600    1716.4200    1717.1200
    1717.5800    1717.9200    1718.1700    1718.4200    1718.6300    1718.7000
    1729.8700    1729.6300    1729.4200    1729.2200    1729.0100    1728.7700
    1728.5600    1728.3400    1728.0300    1727.5400    1726.5800    1725.2100
    1723.7700    1722.3500    1720.8500    1719.3300    1718.0500    1717.0600
    1716.4100    1716.0400    1715.7700    1715.5400    1715.3400    1715.1400
    1714.9600    1714.7800    1714.6500    1714.5400    1714.4600    1714.3700
    1714.3100    1714.2500    1714.1800    1714.0200    1713.7300    1713.2900
    1712.8200    1712.3700    1711.8200    1711.2200    1710.6200    1710.0600
    1709.5300    1709.0700    1708.7000    1708.4300    1708.2800    1708.2500
    1708.3800    1708.6700    1709.0200    1709.4000    1709.8000    1710.1800
    1710.4900    1710.7300    1710.9600    1711.1800    1711.2900    1711.2900
    1711.2000    1711.0400    1710.8800    1710.7400    1710.6500    1710.6000
    1710.5900    1710.6400    1710.7600    1711.0000    1711.3700    1711.9300
    1712.8900    1714.1500    1715.1900    1715.8400    1716.3000    1716.6400
    1716.9600    1717.2200    1717.3900    1717.5200    1730.4500    1730.0800
    1729.7500    1729.4400    1729.1400    1728.8200    1728.5300    1728.2100
    1727.7100    1726.9800    1725.8200    1724.3200    1722.8400    1721.4400
    1719.9500    1718.4600    1717.3200    1716.5800    1716.1500    1715.9400
    1715.7600    1715.5800    1715.4000    1715.2100    1715.0100    1714.8000
    1714.6000    1714.4100    1714.2200    1714.0200    1713.8200    1713.6100
    1713.3800    1713.0700    1712.7400    1712.3700    1712.0100    1711.7000
    1711.3200    1710.9100    1710.4900    1710.1100    1709.7900    1709.5500
    1709.4100    1709.3600    1709.3800    1709.4900    1709.7200    1710.0500
    1710.4200    1710.7900    1711.1700    1711.5100    1711.7700    1711.9400
    1712.0800    1712.1900    1712.1900    1712.0700    1711.8300    1711.5100
    1711.2100    1710.9600    1710.7600    1710.6000    1710.4900    1710.4400
    1710.4800    1710.6300    1710.8900    1711.3200    1712.0800    1713.1100
    1713.9800    1714.5900    1715.0400    1715.3800    1715.7000    1715.9600
    1716.1800    1716.3700